#-8.0   -7.5   -7.0   -6.5   -6.0   -5.5   -5.0   -4.5   -4.0   -3.5   -3.0   -2.5   -2.0   -1.5   -1.0   -0.5    0.0    0.5    1.0 
3.75 -0.773 -0.935 -1.128 -1.337 -1.553 -1.767 -1.971 -2.146 -2.262 -2.284 -2.209 -2.062 -1.873 -1.664 -1.442 -1.201 -0.953 -0.691 -0.413
3.80 -0.570 -0.607 -0.685 -0.805 -0.955 -1.121 -1.286 -1.423 -1.512 -1.524 -1.455 -1.329 -1.154 -0.967 -0.761 -0.542 -0.317 -0.081  0.169
3.85 -0.546 -0.543 -0.540 -0.540 -0.557 -0.601 -0.662 -0.721 -0.756 -0.746 -0.687 -0.583 -0.444 -0.287 -0.109  0.086  0.288  0.503  0.731
3.90 -0.547 -0.541 -0.527 -0.494 -0.429 -0.334 -0.230 -0.137 -0.060  0.007  0.078  0.165  0.274  0.393  0.533  0.693  0.866  1.052  1.251
3.95 -0.546 -0.542 -0.529 -0.498 -0.424 -0.286 -0.074  0.180  0.423  0.617  0.756  0.866  0.961  1.058  1.165  1.288  1.422  1.576  1.751
4.00 -0.527 -0.534 -0.530 -0.507 -0.442 -0.306 -0.077  0.243  0.611  0.958  1.228  1.414  1.546  1.650  1.746  1.836  1.945  2.073  2.222
4.05 -0.503 -0.503 -0.504 -0.494 -0.447 -0.329 -0.111  0.211  0.610  1.044  1.439  1.752  1.974  2.119  2.226  2.322  2.419  2.526  2.651
4.10 -0.496 -0.493 -0.487 -0.472 -0.431 -0.335 -0.149  0.143  0.532  0.982  1.443  1.870  2.202  2.441  2.608  2.733  2.839  2.944  3.060
4.15 -0.492 -0.485 -0.477 -0.462 -0.421 -0.329 -0.160  0.097  0.450  0.881  1.367  1.849  2.279  2.625  2.879  3.055  3.194  3.314  3.434
4.20 -0.494 -0.485 -0.473 -0.454 -0.416 -0.333 -0.177  0.069  0.402  0.810  1.278  1.777  2.259  2.699  3.051  3.305  3.489  3.641  3.777
4.25 -0.496 -0.487 -0.473 -0.452 -0.413 -0.334 -0.191  0.036  0.364  0.771  1.233  1.717  2.214  2.709  3.145  3.487  3.737  3.932  4.094
4.30 -0.493 -0.485 -0.470 -0.447 -0.409 -0.336 -0.203  0.015  0.332  0.741  1.214  1.705  2.203  2.713  3.199  3.617  3.938  4.184  4.376
4.35 -0.487 -0.480 -0.464 -0.437 -0.396 -0.327 -0.203  0.006  0.319  0.735  1.214  1.716  2.226  2.740  3.254  3.722  4.102  4.403  4.627
4.40 -0.465 -0.465 -0.454 -0.426 -0.379 -0.306 -0.189  0.010  0.322  0.739  1.218  1.732  2.263  2.791  3.323  3.820  4.244  4.587  4.843
4.45 -0.452 -0.446 -0.434 -0.406 -0.353 -0.271 -0.148  0.050  0.357  0.773  1.257  1.777  2.314  2.858  3.407  3.922  4.376  4.743  5.035
4.50 -0.449 -0.443 -0.428 -0.394 -0.329 -0.231 -0.095  0.104  0.409  0.823  1.309  1.833  2.373  2.932  3.495  4.025  4.498  4.887  5.193
4.55 -0.447 -0.440 -0.427 -0.396 -0.327 -0.202 -0.027  0.199  0.510  0.916  1.395  1.914  2.452  3.011  3.577  4.117  4.598  4.997  5.307
4.60 -0.449 -0.441 -0.428 -0.400 -0.337 -0.213 -0.010  0.275  0.626  1.034  1.498  2.004  2.533  3.084  3.644  4.180  4.661  5.059  5.363
4.65 -0.447 -0.441 -0.430 -0.406 -0.349 -0.233 -0.033  0.273  0.677  1.130  1.599  2.089  2.602  3.135  3.676  4.199  4.669  5.058  5.352
4.70 -0.446 -0.439 -0.429 -0.408 -0.359 -0.253 -0.063  0.231  0.628  1.105  1.615  2.123  2.629  3.144  3.662  4.164  4.619  5.001  5.288
4.75 -0.446 -0.438 -0.427 -0.408 -0.366 -0.274 -0.101  0.175  0.553  1.011  1.523  2.059  2.589  3.103  3.606  4.091  4.534  4.911  5.199
4.80 -0.446 -0.438 -0.427 -0.408 -0.370 -0.288 -0.131  0.124  0.480  0.916  1.408  1.938  2.486  3.019  3.526  4.006  4.444  4.817  5.102
4.85 -0.447 -0.440 -0.428 -0.408 -0.371 -0.297 -0.156  0.079  0.413  0.832  1.310  1.829  2.376  2.922  3.444  3.931  4.369  4.737  5.016
4.90 -0.445 -0.438 -0.427 -0.407 -0.370 -0.299 -0.168  0.052  0.372  0.780  1.250  1.762  2.301  2.847  3.380  3.877  4.318  4.677  4.940
4.95 -0.440 -0.433 -0.421 -0.401 -0.363 -0.292 -0.167  0.039  0.347  0.749  1.215  1.724  2.259  2.803  3.342  3.844  4.284  4.627  4.870
5.00 -0.426 -0.422 -0.414 -0.395 -0.357 -0.287 -0.163  0.039  0.343  0.743  1.208  1.717  2.248  2.789  3.327  3.828  4.257  4.576  4.794
5.05 -0.398 -0.394 -0.388 -0.374 -0.341 -0.272 -0.149  0.054  0.356  0.753  1.218  1.725  2.254  2.790  3.320  3.810  4.216  4.506  4.699
5.10 -0.371 -0.363 -0.355 -0.340 -0.310 -0.248 -0.130  0.068  0.367  0.765  1.232  1.736  2.257  2.784  3.296  3.762  4.140  4.402  4.580
5.15 -0.352 -0.339 -0.323 -0.302 -0.270 -0.210 -0.098  0.096  0.392  0.785  1.246  1.739  2.241  2.743  3.227  3.664  4.017  4.265  4.441
5.20 -0.350 -0.330 -0.307 -0.280 -0.240 -0.176 -0.064  0.125  0.410  0.790  1.238  1.714  2.190  2.658  3.107  3.518  3.856  4.105  4.291
5.25 -0.375 -0.352 -0.325 -0.290 -0.243 -0.172 -0.056  0.129  0.403  0.765  1.193  1.647  2.095  2.531  2.950  3.343  3.676  3.935  4.136
5.30 -0.398 -0.373 -0.341 -0.303 -0.253 -0.179 -0.063  0.118  0.383  0.726  1.129  1.556  1.976  2.384  2.780  3.160  3.494  3.766  3.983
5.35 -0.431 -0.412 -0.384 -0.345 -0.292 -0.217 -0.102  0.079  0.338  0.669  1.051  1.452  1.848  2.233  2.611  2.982  3.319  3.604  3.835
5.40 -0.450 -0.437 -0.416 -0.384 -0.336 -0.265 -0.154  0.023  0.280  0.604  0.968  1.348  1.722  2.088  2.451  2.815  3.155  3.451  3.691
5.45 -0.462 -0.454 -0.440 -0.417 -0.377 -0.310 -0.202 -0.032  0.219  0.538  0.890  1.250  1.606  1.954  2.305  2.662  3.005  3.307  3.554
5.50 -0.465 -0.462 -0.454 -0.439 -0.411 -0.357 -0.261 -0.097  0.149  0.466  0.812  1.158  1.497  1.831  2.171  2.523  2.867  3.173  3.427
5.55 -0.467 -0.466 -0.462 -0.453 -0.434 -0.394 -0.314 -0.165  0.075  0.391  0.735  1.072  1.398  1.720  2.051  2.398  2.743  3.049  3.309
5.60 -0.469 -0.468 -0.465 -0.459 -0.447 -0.419 -0.357 -0.230 -0.006  0.310  0.659  0.993  1.311  1.623  1.946  2.287  2.629  2.933  3.203
5.65 -0.469 -0.468 -0.466 -0.462 -0.453 -0.434 -0.389 -0.288 -0.094  0.210  0.570  0.915  1.233  1.539  1.853  2.188  2.524  2.827  3.109
5.70 -0.470 -0.469 -0.467 -0.463 -0.456 -0.441 -0.406 -0.327 -0.165  0.114  0.476  0.836  1.160  1.465  1.773  2.100  2.429  2.732  3.027
5.75 -0.470 -0.469 -0.467 -0.464 -0.458 -0.446 -0.417 -0.355 -0.220  0.033  0.387  0.756  1.090  1.396  1.700  2.021  2.342  2.645  2.952
5.80 -0.470 -0.469 -0.468 -0.465 -0.460 -0.448 -0.424 -0.370 -0.256 -0.032  0.305  0.676  1.018  1.328  1.632  1.948  2.263  2.567  2.881
5.85 -0.470 -0.470 -0.469 -0.466 -0.461 -0.451 -0.428 -0.382 -0.281 -0.081  0.234  0.601  0.949  1.264  1.570  1.882  2.191  2.495  2.814
5.90 -0.470 -0.469 -0.468 -0.467 -0.463 -0.454 -0.434 -0.391 -0.301 -0.122  0.172  0.532  0.886  1.207  1.515  1.823  2.124  2.427  2.749
5.95 -0.469 -0.468 -0.467 -0.465 -0.462 -0.454 -0.436 -0.398 -0.315 -0.151  0.123  0.475  0.832  1.160  1.469  1.768  2.059  2.360  2.685
6.00 -0.468 -0.467 -0.465 -0.463 -0.460 -0.453 -0.438 -0.403 -0.326 -0.171  0.090  0.433  0.792  1.124  1.430  1.714  1.994  2.296  2.628
6.10 -0.470 -0.468 -0.464 -0.459 -0.453 -0.444 -0.430 -0.402 -0.340 -0.209  0.027  0.359  0.722  1.056  1.340  1.594  1.861  2.175  2.526
6.20 -0.472 -0.471 -0.469 -0.465 -0.457 -0.443 -0.422 -0.388 -0.327 -0.212 -0.003  0.306  0.652  0.955  1.203  1.447  1.723  2.057  2.422
6.30 -0.472 -0.472 -0.472 -0.470 -0.467 -0.459 -0.439 -0.398 -0.326 -0.206 -0.010  0.261  0.554  0.812  1.044  1.291  1.592  1.946  2.319
6.40 -0.473 -0.473 -0.472 -0.472 -0.471 -0.467 -0.457 -0.430 -0.365 -0.243 -0.056  0.179  0.418  0.640  0.875  1.145  1.473  1.844  2.206
6.50 -0.474 -0.474 -0.474 -0.473 -0.472 -0.470 -0.465 -0.449 -0.407 -0.309 -0.144  0.058  0.265  0.477  0.721  1.015  1.366  1.741  2.089
6.60 -0.475 -0.474 -0.474 -0.474 -0.474 -0.473 -0.469 -0.458 -0.429 -0.361 -0.233 -0.060  0.130  0.335  0.584  0.900  1.267  1.637  1.972
6.70 -0.476 -0.476 -0.475 -0.475 -0.475 -0.474 -0.471 -0.463 -0.442 -0.393 -0.297 -0.154  0.018  0.221  0.479  0.801  1.172  1.533  1.854
6.80 -0.477 -0.477 -0.477 -0.477 -0.477 -0.476 -0.474 -0.467 -0.451 -0.414 -0.340 -0.225 -0.070  0.129  0.387  0.715  1.080  1.430  1.733
6.90 -0.478 -0.478 -0.478 -0.478 -0.478 -0.478 -0.476 -0.471 -0.458 -0.428 -0.370 -0.275 -0.136  0.057  0.314  0.636  0.990  1.321  1.592
7.00 -0.480 -0.480 -0.480 -0.480 -0.480 -0.480 -0.478 -0.473 -0.462 -0.438 -0.390 -0.310 -0.183  0.003  0.252  0.561  0.900  1.211  1.461
7.10 -0.483 -0.483 -0.483 -0.483 -0.482 -0.482 -0.480 -0.476 -0.465 -0.443 -0.404 -0.332 -0.212 -0.042  0.191  0.485  0.810  1.095  1.285
7.20 -0.486 -0.486 -0.486 -0.486 -0.486 -0.485 -0.484 -0.481 -0.470 -0.450 -0.413 -0.347 -0.241 -0.086  0.130  0.409  0.706  0.968  0
7.30 -0.490 -0.490 -0.490 -0.490 -0.490 -0.490 -0.489 -0.486 -0.478 -0.460 -0.426 -0.365 -0.272 -0.133  0.068  0.324  0.615  0.     0 
7.40 -0.495 -0.495 -0.495 -0.495 -0.495 -0.495 -0.494 -0.492 -0.486 -0.472 -0.442 -0.388 -0.305 -0.180  0.005  0.244  0.511  0.     0
7.50 -0.501 -0.501 -0.501 -0.501 -0.501 -0.501 -0.500 -0.499 -0.494 -0.483 -0.457 -0.412 -0.339 -0.227 -0.062  0.165  0.     0.     0 
